RootBone: 65
BoneCount: 220
BoneName: mixamorig:Hips
BoneIndex: 0
BoneParentIndex: 68
BoneChildrenCount: 3
69
190
204
1.000000 0.000000 -0.000000 0.000000
0.000000 1.000000 -0.000000 0.000000
-0.000000 -0.000000 1.000000 -0.000000
0.000000 0.000000 -0.000000 1.000000
1.000000 -0.000001 -0.000000 0.000000
0.000001 0.999917 0.012916 0.000000
-0.000000 -0.012916 0.999917 -0.000000
-0.000000 -1.042863 0.002073 1.000000
BoneName: mixamorig:Spine
BoneIndex: 1
BoneParentIndex: 71
BoneChildrenCount: 1
2
1.000000 0.000000 -0.000000 0.000000
0.000000 1.000000 -0.000000 0.000000
-0.000000 -0.000000 1.000000 -0.000000
0.000000 0.000000 -0.000000 1.000000
1.000000 -0.000000 0.000000 0.000000
0.000000 0.989132 -0.147032 0.000000
-0.000000 0.147032 0.989132 -0.000000
0.000000 -1.129646 0.184963 1.000000
BoneName: mixamorig:Spine1
BoneIndex: 2
BoneParentIndex: 1
BoneChildrenCount: 1
72
1.000000 0.000000 -0.000000 0.000000
0.000000 1.000000 -0.000000 0.000000
-0.000000 -0.000000 1.000000 -0.000000
-0.000000 0.100027 -0.000000 1.000000
1.000000 -0.000000 0.000000 0.000000
0.000000 0.989132 -0.147032 0.000000
-0.000000 0.147032 0.989132 -0.000000
0.000000 -1.229673 0.184963 1.000000
BoneName: mixamorig:Spine2
BoneIndex: 3
BoneParentIndex: 74
BoneChildrenCount: 3
4
75
136
1.000000 0.000000 -0.000000 0.000000
0.000000 1.000000 -0.000000 0.000000
-0.000000 -0.000000 1.000000 -0.000000
0.000000 0.000000 -0.000000 1.000000
1.000000 0.000000 0.000000 0.000000
-0.000000 0.992592 -0.121494 0.000000
-0.000000 0.121494 0.992592 -0.000000
0.000000 -1.327221 0.150811 1.000000
BoneName: mixamorig:Neck
BoneIndex: 4
BoneParentIndex: 3
BoneChildrenCount: 1
5
1.000000 0.000000 -0.000000 0.000000
0.000000 1.000000 -0.000000 0.000000
-0.000000 -0.000000 1.000000 -0.000000
0.000000 0.168653 -0.000000 1.000000
1.000000 0.000000 0.000000 0.000000
-0.000000 0.992592 -0.121494 0.000000
-0.000000 0.121494 0.992592 -0.000000
0.000000 -1.495874 0.150811 1.000000
BoneName: mixamorig:Head
BoneIndex: 5
BoneParentIndex: 4
BoneChildrenCount: 1
6
1.000000 0.000000 -0.000000 0.000000
0.000000 1.000000 -0.000000 0.000000
-0.000000 -0.000000 1.000000 -0.000000
-0.000000 0.093419 -0.028410 1.000000
1.000000 0.000000 0.000000 0.000000
-0.000000 0.992592 -0.121494 0.000000
-0.000000 0.121494 0.992592 -0.000000
0.000000 -1.589293 0.179222 1.000000
BoneName: mixamorig:HeadTop_End
BoneIndex: 6
BoneParentIndex: 5
BoneChildrenCount: 0
1.000000 0.000000 -0.000000 0.000000
0.000000 1.000000 -0.000000 0.000000
-0.000000 -0.000000 1.000000 -0.000000
0.000000 0.209628 -0.101229 1.000000
1.000000 0.000000 0.000000 0.000000
-0.000000 0.992592 -0.121494 0.000000
-0.000000 0.121494 0.992592 -0.000000
0.000000 -1.798921 0.280451 1.000000
BoneName: mixamorig:RightShoulder
BoneIndex: 7
BoneParentIndex: 77
BoneChildrenCount: 1
78
1.000000 0.000000 -0.000000 0.000000
0.000000 1.000000 -0.000000 0.000000
-0.000000 -0.000000 1.000000 -0.000000
0.000000 0.000000 -0.000000 1.000000
-0.205695 -0.977364 -0.049483 0.000000
-0.010191 -0.048422 0.998775 0.000000
-0.978563 0.205948 0.000000 -0.000000
0.037788 0.018517 -1.446351 1.000000
BoneName: mixamorig:RightArm
BoneIndex: 8
BoneParentIndex: 80
BoneChildrenCount: 1
9
1.000000 0.000000 -0.000000 0.000000
0.000000 1.000000 -0.000000 0.000000
-0.000000 -0.000000 1.000000 -0.000000
0.000000 0.000000 -0.000000 1.000000
0.000000 -1.000000 0.000000 0.000000
0.000000 0.000000 1.000000 0.000000
-1.000000 -0.000000 0.000000 -0.000000
0.055485 -0.151628 -1.440613 1.000000
BoneName: mixamorig:RightForeArm
BoneIndex: 9
BoneParentIndex: 8
BoneChildrenCount: 1
10
1.000000 0.000000 -0.000000 0.000000
0.000000 1.000000 -0.000000 0.000000
-0.000000 -0.000000 1.000000 -0.000000
-0.000000 0.278415 -0.000000 1.000000
0.000000 -1.000000 0.000000 0.000000
0.000000 0.000000 1.000000 0.000000
-1.000000 -0.000000 0.000000 -0.000000
0.055485 -0.430044 -1.440613 1.000000
BoneName: mixamorig:RightHand
BoneIndex: 10
BoneParentIndex: 9
BoneChildrenCount: 5
81
92
103
114
125
1.000000 0.000000 -0.000000 0.000000
0.000000 1.000000 -0.000000 0.000000
-0.000000 -0.000000 1.000000 -0.000000
0.000000 0.283288 -0.000000 1.000000
0.000000 -1.000000 0.000000 0.000000
0.000000 0.000000 1.000000 0.000000
-1.000000 -0.000000 0.000000 -0.000000
0.055485 -0.713332 -1.440613 1.000000
BoneName: mixamorig:RightHandThumb1
BoneIndex: 11
BoneParentIndex: 83
BoneChildrenCount: 1
84
1.000000 0.000000 -0.000000 0.000000
0.000000 1.000000 -0.000000 0.000000
-0.000000 -0.000000 1.000000 -0.000000
0.000000 0.000000 -0.000000 1.000000
0.396939 -0.767534 -0.503320 0.000000
0.231208 -0.447072 0.864100 0.000000
-0.888247 -0.459367 0.000000 -0.000000
-0.011047 0.083764 -1.602673 1.000000
BoneName: mixamorig:RightHandThumb2
BoneIndex: 12
BoneParentIndex: 86
BoneChildrenCount: 1
87
1.000000 0.000000 -0.000000 0.000000
0.000000 1.000000 -0.000000 0.000000
-0.000000 -0.000000 1.000000 -0.000000
0.000000 0.000000 -0.000000 1.000000
0.383746 -0.777116 -0.498829 0.000000
0.220865 -0.447268 0.866701 0.000000
-0.896637 -0.442767 0.000000 -0.000000
-0.006583 0.034615 -1.602871 1.000000
BoneName: mixamorig:RightHandThumb3
BoneIndex: 13
BoneParentIndex: 89
BoneChildrenCount: 1
90
1.000000 0.000000 -0.000000 0.000000
0.000000 1.000000 -0.000000 0.000000
-0.000000 -0.000000 1.000000 -0.000000
0.000000 0.000000 -0.000000 1.000000
0.373746 -0.784013 -0.495618 0.000000
0.213272 -0.447384 0.868541 0.000000
-0.902679 -0.430315 0.000000 -0.000000
-0.004024 -0.004811 -1.602872 1.000000
BoneName: mixamorig:RightHandThumb4
BoneIndex: 14
BoneParentIndex: 91
BoneChildrenCount: 0
1.000000 0.000000 -0.000000 0.000000
0.000000 1.000000 -0.000000 0.000000
-0.000000 -0.000000 1.000000 -0.000000
0.000000 0.000000 -0.000000 1.000000
0.553774 -0.733248 -0.394565 0.000000
0.048263 -0.444795 0.894331 0.000000
-0.831267 -0.514300 -0.210927 -0.000000
0.371838 0.005926 -1.559439 1.000000
BoneName: mixamorig:RightHandIndex1
BoneIndex: 15
BoneParentIndex: 94
BoneChildrenCount: 1
95
1.000000 0.000000 -0.000000 0.000000
0.000000 1.000000 -0.000000 0.000000
-0.000000 -0.000000 1.000000 -0.000000
0.000000 0.000000 -0.000000 1.000000
0.000328 -1.000000 0.000001 0.000000
-0.000000 0.000001 1.000000 0.000000
-1.000000 -0.000328 -0.000000 -0.000000
0.033151 -0.804406 -1.435433 1.000000
BoneName: mixamorig:RightHandIndex2
BoneIndex: 16
BoneParentIndex: 97
BoneChildrenCount: 1
98
1.000000 0.000000 -0.000000 0.000000
0.000000 1.000000 -0.000000 0.000000
-0.000000 -0.000000 1.000000 -0.000000
0.000000 0.000000 -0.000000 1.000000
-0.000183 -1.000000 0.000001 0.000000
-0.000000 0.000001 1.000000 0.000000
-1.000000 0.000183 -0.000000 -0.000000
0.032720 -0.841422 -1.435433 1.000000
BoneName: mixamorig:RightHandIndex3
BoneIndex: 17
BoneParentIndex: 100
BoneChildrenCount: 1
101
1.000000 0.000000 -0.000000 0.000000
0.000000 1.000000 -0.000000 0.000000
-0.000000 -0.000000 1.000000 -0.000000
0.000000 0.000000 -0.000000 1.000000
-0.000007 -1.000000 0.000001 0.000000
-0.000000 0.000001 1.000000 0.000000
-1.000000 0.000007 -0.000000 -0.000000
0.032873 -0.869917 -1.435433 1.000000
BoneName: mixamorig:RightHandIndex4
BoneIndex: 18
BoneParentIndex: 102
BoneChildrenCount: 0
1.000000 0.000000 -0.000000 0.000000
0.000000 1.000000 -0.000000 0.000000
-0.000000 -0.000000 1.000000 -0.000000
0.000000 0.000000 -0.000000 1.000000
-0.000181 -1.000000 0.000001 0.000000
0.002005 0.000001 0.999998 0.000000
-0.999998 0.000181 0.002005 -0.000000
0.029838 -0.897644 -1.435496 1.000000
BoneName: mixamorig:RightHandMiddle1
BoneIndex: 19
BoneParentIndex: 105
BoneChildrenCount: 1
106
1.000000 0.000000 -0.000000 0.000000
0.000000 1.000000 -0.000000 0.000000
-0.000000 -0.000000 1.000000 -0.000000
0.000000 0.000000 -0.000000 1.000000
0.001003 -1.000000 0.000002 0.000000
-0.000000 0.000002 1.000000 0.000000
-1.000000 -0.001003 -0.000000 -0.000000
0.056297 -0.808604 -1.440611 1.000000
BoneName: mixamorig:RightHandMiddle2
BoneIndex: 20
BoneParentIndex: 108
BoneChildrenCount: 1
109
1.000000 0.000000 -0.000000 0.000000
0.000000 1.000000 -0.000000 0.000000
-0.000000 -0.000000 1.000000 -0.000000
0.000000 0.000000 -0.000000 1.000000
-0.000696 -1.000000 0.000002 0.000000
-0.000000 0.000002 1.000000 0.000000
-1.000000 0.000696 -0.000000 -0.000000
0.054859 -0.845698 -1.440611 1.000000
BoneName: mixamorig:RightHandMiddle3
BoneIndex: 21
BoneParentIndex: 111
BoneChildrenCount: 1
112
1.000000 0.000000 -0.000000 0.000000
0.000000 1.000000 -0.000000 0.000000
-0.000000 -0.000000 1.000000 -0.000000
0.000000 0.000000 -0.000000 1.000000
-0.000053 -1.000000 0.000002 0.000000
-0.000000 0.000002 1.000000 0.000000
-1.000000 0.000053 -0.000000 -0.000000
0.055422 -0.875163 -1.440611 1.000000
BoneName: mixamorig:RightHandMiddle4
BoneIndex: 22
BoneParentIndex: 113
BoneChildrenCount: 0
1.000000 0.000000 -0.000000 0.000000
0.000000 1.000000 -0.000000 0.000000
-0.000000 -0.000000 1.000000 -0.000000
0.000000 0.000000 -0.000000 1.000000
-0.000385 -1.000000 0.000002 0.000000
0.001858 0.000001 0.999998 0.000000
-0.999998 0.000385 0.001858 -0.000000
0.052445 -0.904646 -1.440711 1.000000
BoneName: mixamorig:RightHandRing1
BoneIndex: 23
BoneParentIndex: 116
BoneChildrenCount: 1
117
1.000000 0.000000 -0.000000 0.000000
0.000000 1.000000 -0.000000 0.000000
-0.000000 -0.000000 1.000000 -0.000000
0.000000 0.000000 -0.000000 1.000000
-0.000312 -1.000000 -0.000000 0.000000
-0.000000 -0.000000 1.000000 0.000000
-1.000000 0.000312 -0.000000 -0.000000
0.073885 -0.804391 -1.440182 1.000000
BoneName: mixamorig:RightHandRing2
BoneIndex: 24
BoneParentIndex: 119
BoneChildrenCount: 1
120
1.000000 0.000000 -0.000000 0.000000
0.000000 1.000000 -0.000000 0.000000
-0.000000 -0.000000 1.000000 -0.000000
0.000000 0.000000 -0.000000 1.000000
0.000131 -1.000000 -0.000000 0.000000
-0.000000 -0.000000 1.000000 0.000000
-1.000000 -0.000131 -0.000000 -0.000000
0.074257 -0.838151 -1.440182 1.000000
BoneName: mixamorig:RightHandRing3
BoneIndex: 25
BoneParentIndex: 122
BoneChildrenCount: 1
123
1.000000 0.000000 -0.000000 0.000000
0.000000 1.000000 -0.000000 0.000000
-0.000000 -0.000000 1.000000 -0.000000
0.000000 0.000000 -0.000000 1.000000
0.000357 -1.000000 -0.000000 0.000000
-0.000000 -0.000000 1.000000 0.000000
-1.000000 -0.000357 -0.000000 -0.000000
0.074452 -0.867031 -1.440182 1.000000
BoneName: mixamorig:RightHandRing4
BoneIndex: 26
BoneParentIndex: 124
BoneChildrenCount: 0
1.000000 0.000000 -0.000000 0.000000
0.000000 1.000000 -0.000000 0.000000
-0.000000 -0.000000 1.000000 -0.000000
0.000000 0.000000 -0.000000 1.000000
0.001955 -0.999998 -0.000000 0.000000
0.000292 0.000000 1.000000 0.000000
-0.999998 -0.001955 0.000292 -0.000000
0.075460 -0.893299 -1.440204 1.000000
BoneName: mixamorig:RightHandPinky1
BoneIndex: 27
BoneParentIndex: 127
BoneChildrenCount: 1
128
1.000000 0.000000 -0.000000 0.000000
0.000000 1.000000 -0.000000 0.000000
-0.000000 -0.000000 1.000000 -0.000000
0.000000 0.000000 -0.000000 1.000000
-0.001041 -0.999999 -0.000009 0.000000
-0.000000 -0.000009 1.000000 0.000000
-0.999999 0.001041 0.000000 -0.000000
0.092721 -0.794182 -1.435753 1.000000
BoneName: mixamorig:RightHandPinky2
BoneIndex: 28
BoneParentIndex: 130
BoneChildrenCount: 1
131
1.000000 0.000000 -0.000000 0.000000
0.000000 1.000000 -0.000000 0.000000
-0.000000 -0.000000 1.000000 -0.000000
0.000000 0.000000 -0.000000 1.000000
-0.002733 -0.999996 -0.000009 0.000000
-0.000000 -0.000009 1.000000 0.000000
-0.999996 0.002733 0.000000 -0.000000
0.091316 -0.830338 -1.435753 1.000000
BoneName: mixamorig:RightHandPinky3
BoneIndex: 29
BoneParentIndex: 133
BoneChildrenCount: 1
134
1.000000 0.000000 -0.000000 0.000000
0.000000 1.000000 -0.000000 0.000000
-0.000000 -0.000000 1.000000 -0.000000
0.000000 0.000000 -0.000000 1.000000
-0.001740 -0.999999 -0.000009 0.000000
-0.000000 -0.000009 1.000000 0.000000
-0.999999 0.001740 0.000000 -0.000000
0.092162 -0.851247 -1.435753 1.000000
BoneName: mixamorig:RightHandPinky4
BoneIndex: 30
BoneParentIndex: 135
BoneChildrenCount: 0
1.000000 0.000000 -0.000000 0.000000
0.000000 1.000000 -0.000000 0.000000
-0.000000 -0.000000 1.000000 -0.000000
0.000000 0.000000 -0.000000 1.000000
-0.001657 -0.999999 -0.000004 0.000000
0.003139 -0.000009 0.999995 0.000000
-0.999994 0.001657 0.003139 -0.000000
0.087726 -0.872397 -1.436036 1.000000
BoneName: mixamorig:LeftShoulder
BoneIndex: 31
BoneParentIndex: 138
BoneChildrenCount: 1
139
1.000000 0.000000 -0.000000 0.000000
0.000000 1.000000 -0.000000 0.000000
-0.000000 -0.000000 1.000000 -0.000000
0.000000 0.000000 -0.000000 1.000000
-0.205707 0.977363 0.049465 0.000000
0.010188 -0.048404 0.998776 0.000000
0.978561 0.205959 0.000000 -0.000000
-0.037781 0.018486 -1.446350 1.000000
BoneName: mixamorig:LeftArm
BoneIndex: 32
BoneParentIndex: 141
BoneChildrenCount: 1
33
1.000000 0.000000 -0.000000 0.000000
0.000000 1.000000 -0.000000 0.000000
-0.000000 -0.000000 1.000000 -0.000000
0.000000 0.000000 -0.000000 1.000000
0.000001 1.000000 0.000001 0.000000
0.000000 -0.000001 1.000000 0.000000
1.000000 -0.000001 -0.000000 -0.000000
-0.055485 -0.151626 -1.440613 1.000000
BoneName: mixamorig:LeftForeArm
BoneIndex: 33
BoneParentIndex: 32
BoneChildrenCount: 1
34
1.000000 0.000000 -0.000000 0.000000
0.000000 1.000000 -0.000000 0.000000
-0.000000 -0.000000 1.000000 -0.000000
0.000000 0.278415 0.000000 1.000000
0.000001 1.000000 0.000001 0.000000
0.000000 -0.000001 1.000000 0.000000
1.000000 -0.000001 -0.000000 -0.000000
-0.055485 -0.430042 -1.440613 1.000000
BoneName: mixamorig:LeftHand
BoneIndex: 34
BoneParentIndex: 33
BoneChildrenCount: 5
142
153
164
175
179
1.000000 0.000000 -0.000000 0.000000
0.000000 1.000000 -0.000000 0.000000
-0.000000 -0.000000 1.000000 -0.000000
0.000000 0.283288 0.000000 1.000000
0.000001 1.000000 0.000001 0.000000
0.000000 -0.000001 1.000000 0.000000
1.000000 -0.000001 -0.000000 -0.000000
-0.055485 -0.713330 -1.440613 1.000000
BoneName: mixamorig:LeftHandThumb1
BoneIndex: 35
BoneParentIndex: 144
BoneChildrenCount: 1
145
1.000000 0.000000 -0.000000 0.000000
0.000000 1.000000 -0.000000 0.000000
-0.000000 -0.000000 1.000000 -0.000000
0.000000 0.000000 -0.000000 1.000000
0.395630 0.768505 0.502869 0.000000
-0.230170 -0.447101 0.864363 0.000000
0.889100 -0.457713 0.000000 -0.000000
0.010497 0.083022 -1.602701 1.000000
BoneName: mixamorig:LeftHandThumb2
BoneIndex: 36
BoneParentIndex: 147
BoneChildrenCount: 1
148
1.000000 0.000000 -0.000000 0.000000
0.000000 1.000000 -0.000000 0.000000
-0.000000 -0.000000 1.000000 -0.000000
0.000000 0.000000 -0.000000 1.000000
0.383980 0.776979 0.498861 0.000000
-0.221019 -0.447228 0.866682 0.000000
0.896499 -0.443047 0.000000 -0.000000
0.006532 0.034664 -1.602876 1.000000
BoneName: mixamorig:LeftHandThumb3
BoneIndex: 37
BoneParentIndex: 150
BoneChildrenCount: 1
151
1.000000 0.000000 -0.000000 0.000000
0.000000 1.000000 -0.000000 0.000000
-0.000000 -0.000000 1.000000 -0.000000
0.000000 0.000000 -0.000000 1.000000
0.375247 0.783114 0.495906 0.000000
-0.214294 -0.447215 0.868376 0.000000
0.901814 -0.432125 0.000000 -0.000000
0.004166 -0.004364 -1.602878 1.000000
BoneName: mixamorig:LeftHandThumb4
BoneIndex: 38
BoneParentIndex: 152
BoneChildrenCount: 0
1.000000 0.000000 -0.000000 0.000000
0.000000 1.000000 -0.000000 0.000000
-0.000000 -0.000000 1.000000 -0.000000
0.000000 0.000000 -0.000000 1.000000
0.548763 0.739698 0.389496 0.000000
-0.033707 -0.445959 0.894418 0.000000
0.835298 -0.503952 -0.219793 -0.000000
-0.387787 0.002360 -1.555558 1.000000
BoneName: mixamorig:LeftHandIndex1
BoneIndex: 39
BoneParentIndex: 155
BoneChildrenCount: 1
156
1.000000 0.000000 -0.000000 0.000000
0.000000 1.000000 -0.000000 0.000000
-0.000000 -0.000000 1.000000 -0.000000
0.000000 0.000000 -0.000000 1.000000
-0.000087 1.000000 0.000003 0.000000
0.000000 -0.000003 1.000000 0.000000
1.000000 0.000087 0.000000 -0.000000
-0.032816 -0.804424 -1.435434 1.000000
BoneName: mixamorig:LeftHandIndex2
BoneIndex: 40
BoneParentIndex: 158
BoneChildrenCount: 1
159
1.000000 0.000000 -0.000000 0.000000
0.000000 1.000000 -0.000000 0.000000
-0.000000 -0.000000 1.000000 -0.000000
0.000000 0.000000 -0.000000 1.000000
0.000123 1.000000 0.000003 0.000000
-0.000000 -0.000003 1.000000 0.000000
1.000000 -0.000123 0.000000 -0.000000
-0.032992 -0.841416 -1.435435 1.000000
BoneName: mixamorig:LeftHandIndex3
BoneIndex: 41
BoneParentIndex: 161
BoneChildrenCount: 1
162
1.000000 0.000000 -0.000000 0.000000
0.000000 1.000000 -0.000000 0.000000
-0.000000 -0.000000 1.000000 -0.000000
0.000000 0.000000 -0.000000 1.000000
-0.000010 1.000000 0.000004 0.000000
-0.000000 -0.000004 1.000000 0.000000
1.000000 0.000010 0.000000 -0.000000
-0.032877 -0.869919 -1.435435 1.000000
BoneName: mixamorig:LeftHandIndex4
BoneIndex: 42
BoneParentIndex: 163
BoneChildrenCount: 0
1.000000 0.000000 -0.000000 0.000000
0.000000 1.000000 -0.000000 0.000000
-0.000000 -0.000000 1.000000 -0.000000
0.000000 0.000000 -0.000000 1.000000
-0.000036 1.000000 0.000004 0.000000
-0.000755 -0.000004 1.000000 0.000000
1.000000 0.000036 0.000755 -0.000000
-0.031770 -0.897669 -1.435460 1.000000
BoneName: mixamorig:LeftHandMiddle1
BoneIndex: 43
BoneParentIndex: 166
BoneChildrenCount: 1
167
1.000000 0.000000 -0.000000 0.000000
0.000000 1.000000 -0.000000 0.000000
-0.000000 -0.000000 1.000000 -0.000000
0.000000 0.000000 -0.000000 1.000000
-0.000062 1.000000 0.000002 0.000000
0.000000 -0.000002 1.000000 0.000000
1.000000 0.000062 0.000000 -0.000000
-0.055434 -0.808666 -1.440614 1.000000
BoneName: mixamorig:LeftHandMiddle2
BoneIndex: 44
BoneParentIndex: 169
BoneChildrenCount: 1
170
1.000000 0.000000 -0.000000 0.000000
0.000000 1.000000 -0.000000 0.000000
-0.000000 -0.000000 1.000000 -0.000000
0.000000 0.000000 -0.000000 1.000000
-0.000020 1.000000 0.000002 0.000000
-0.000000 -0.000002 1.000000 0.000000
1.000000 0.000020 0.000000 -0.000000
-0.055469 -0.845664 -1.440614 1.000000
BoneName: mixamorig:LeftHandMiddle3
BoneIndex: 45
BoneParentIndex: 172
BoneChildrenCount: 1
173
1.000000 0.000000 -0.000000 0.000000
0.000000 1.000000 -0.000000 0.000000
-0.000000 -0.000000 1.000000 -0.000000
0.000000 0.000000 -0.000000 1.000000
0.000021 1.000000 0.000001 0.000000
-0.000000 -0.000001 1.000000 0.000000
1.000000 -0.000021 0.000000 -0.000000
-0.055506 -0.875163 -1.440613 1.000000
BoneName: mixamorig:LeftHandMiddle4
BoneIndex: 46
BoneParentIndex: 174
BoneChildrenCount: 0
1.000000 0.000000 -0.000000 0.000000
0.000000 1.000000 -0.000000 0.000000
-0.000000 -0.000000 1.000000 -0.000000
0.000000 0.000000 -0.000000 1.000000
0.000077 1.000000 0.000001 0.000000
-0.002048 -0.000001 0.999998 0.000000
0.999998 -0.000077 0.002048 -0.000000
-0.052605 -0.904689 -1.440724 1.000000
BoneName: mixamorig:LeftHandRing1
BoneIndex: 47
BoneParentIndex: 176
BoneChildrenCount: 1
48
1.000000 0.000000 -0.000000 0.000000
0.000000 1.000000 -0.000000 0.000000
-0.000000 -0.000000 1.000000 -0.000000
0.000000 0.000000 -0.000000 1.000000
0.000013 1.000000 0.000002 0.000000
-0.000000 -0.000002 1.000000 0.000000
1.000000 -0.000013 -0.000000 -0.000000
-0.074146 -0.804372 -1.440184 1.000000
BoneName: mixamorig:LeftHandRing2
BoneIndex: 48
BoneParentIndex: 47
BoneChildrenCount: 1
49
1.000000 0.000000 -0.000000 0.000000
0.000000 1.000000 -0.000000 0.000000
-0.000000 -0.000000 1.000000 -0.000000
-0.000000 0.031500 0.000000 1.000000
0.000013 1.000000 0.000002 0.000000
-0.000000 -0.000002 1.000000 0.000000
1.000000 -0.000013 -0.000000 -0.000000
-0.074146 -0.835872 -1.440184 1.000000
BoneName: mixamorig:LeftHandRing3
BoneIndex: 49
BoneParentIndex: 48
BoneChildrenCount: 1
177
1.000000 0.000000 -0.000000 0.000000
0.000000 1.000000 -0.000000 0.000000
-0.000000 -0.000000 1.000000 -0.000000
0.000000 0.029500 -0.000000 1.000000
0.000013 1.000000 0.000002 0.000000
-0.000000 -0.000002 1.000000 0.000000
1.000000 -0.000013 -0.000000 -0.000000
-0.074146 -0.865372 -1.440184 1.000000
BoneName: mixamorig:LeftHandRing4
BoneIndex: 50
BoneParentIndex: 178
BoneChildrenCount: 0
1.000000 0.000000 -0.000000 0.000000
0.000000 1.000000 -0.000000 0.000000
-0.000000 -0.000000 1.000000 -0.000000
0.000000 0.000000 -0.000000 1.000000
0.000046 1.000000 0.000002 0.000000
0.000987 -0.000002 1.000000 0.000000
1.000000 -0.000046 -0.000987 -0.000000
-0.075596 -0.891814 -1.440110 1.000000
BoneName: mixamorig:LeftHandPinky1
BoneIndex: 51
BoneParentIndex: 181
BoneChildrenCount: 1
182
1.000000 0.000000 -0.000000 0.000000
0.000000 1.000000 -0.000000 0.000000
-0.000000 -0.000000 1.000000 -0.000000
0.000000 0.000000 -0.000000 1.000000
0.004090 0.999992 -0.000009 0.000000
0.000000 0.000009 1.000000 0.000000
0.999992 -0.004090 -0.000000 -0.000000
-0.096795 -0.793733 -1.435737 1.000000
BoneName: mixamorig:LeftHandPinky2
BoneIndex: 52
BoneParentIndex: 184
BoneChildrenCount: 1
185
1.000000 0.000000 -0.000000 0.000000
0.000000 1.000000 -0.000000 0.000000
-0.000000 -0.000000 1.000000 -0.000000
0.000000 0.000000 -0.000000 1.000000
0.003669 0.999993 -0.000008 0.000000
0.000000 0.000008 1.000000 0.000000
0.999993 -0.003669 -0.000000 -0.000000
-0.096445 -0.829772 -1.435738 1.000000
BoneName: mixamorig:LeftHandPinky3
BoneIndex: 53
BoneParentIndex: 187
BoneChildrenCount: 1
188
1.000000 0.000000 -0.000000 0.000000
0.000000 1.000000 -0.000000 0.000000
-0.000000 -0.000000 1.000000 -0.000000
0.000000 0.000000 -0.000000 1.000000
0.003535 0.999994 -0.000007 0.000000
0.000000 0.000007 1.000000 0.000000
0.999994 -0.003535 -0.000000 -0.000000
-0.096331 -0.850784 -1.435738 1.000000
BoneName: mixamorig:LeftHandPinky4
BoneIndex: 54
BoneParentIndex: 189
BoneChildrenCount: 0
1.000000 0.000000 -0.000000 0.000000
0.000000 1.000000 -0.000000 0.000000
-0.000000 -0.000000 1.000000 -0.000000
0.000000 0.000000 -0.000000 1.000000
0.002944 0.999996 -0.000002 0.000000
-0.001567 0.000006 0.999999 0.000000
0.999995 -0.002944 0.001567 -0.000000
-0.093566 -0.872095 -1.435887 1.000000
BoneName: mixamorig:RightUpLeg
BoneIndex: 55
BoneParentIndex: 192
BoneChildrenCount: 1
193
1.000000 0.000000 -0.000000 0.000000
0.000000 1.000000 -0.000000 0.000000
-0.000000 -0.000000 1.000000 -0.000000
0.000000 0.000000 -0.000000 1.000000
-1.000000 -0.000000 -0.000000 0.000000
0.000000 -0.999970 -0.007796 0.000000
-0.000000 -0.007796 0.999970 -0.000000
-0.082078 0.975206 0.007151 1.000000
BoneName: mixamorig:RightLeg
BoneIndex: 56
BoneParentIndex: 195
BoneChildrenCount: 1
196
1.000000 0.000000 -0.000000 0.000000
0.000000 1.000000 -0.000000 0.000000
-0.000000 -0.000000 1.000000 -0.000000
0.000000 0.000000 -0.000000 1.000000
-1.000000 0.000000 -0.000000 0.000000
-0.000000 -0.997661 0.068351 0.000000
-0.000000 0.068351 0.997661 -0.000000
-0.082078 0.530493 -0.033331 1.000000
BoneName: mixamorig:RightFoot
BoneIndex: 57
BoneParentIndex: 198
BoneChildrenCount: 1
199
1.000000 0.000000 -0.000000 0.000000
0.000000 1.000000 -0.000000 0.000000
-0.000000 -0.000000 1.000000 -0.000000
0.000000 0.000000 -0.000000 1.000000
-1.000000 -0.000000 -0.000000 0.000000
0.000000 -0.631740 -0.775180 0.000000
0.000000 -0.775180 0.631740 -0.000000
-0.082078 0.076409 0.050341 1.000000
BoneName: mixamorig:RightToeBase
BoneIndex: 58
BoneParentIndex: 201
BoneChildrenCount: 1
202
1.000000 0.000000 -0.000000 0.000000
0.000000 1.000000 -0.000000 0.000000
-0.000000 -0.000000 1.000000 -0.000000
0.000000 0.000000 -0.000000 1.000000
-1.000000 -0.000000 -0.000000 0.000000
0.000000 -0.000073 -1.000000 0.000000
0.000000 -1.000000 0.000073 -0.000000
-0.082078 -0.079677 0.000013 1.000000
BoneName: mixamorig:RightToe_End
BoneIndex: 59
BoneParentIndex: 203
BoneChildrenCount: 0
1.000000 0.000000 -0.000000 0.000000
0.000000 1.000000 -0.000000 0.000000
-0.000000 -0.000000 1.000000 -0.000000
0.000000 0.000000 -0.000000 1.000000
-0.999731 -0.000000 0.023214 0.000000
-0.023214 -0.000073 -0.999731 0.000000
0.000002 -1.000000 0.000073 -0.000000
-0.082056 -0.172458 0.001919 1.000000
BoneName: mixamorig:LeftUpLeg
BoneIndex: 60
BoneParentIndex: 206
BoneChildrenCount: 1
207
1.000000 0.000000 -0.000000 0.000000
0.000000 1.000000 -0.000000 0.000000
-0.000000 -0.000000 1.000000 -0.000000
0.000000 0.000000 -0.000000 1.000000
-1.000000 -0.000000 -0.000000 0.000000
0.000000 -0.999969 -0.007819 0.000000
-0.000000 -0.007819 0.999969 -0.000000
0.082078 0.975205 0.007173 1.000000
BoneName: mixamorig:LeftLeg
BoneIndex: 61
BoneParentIndex: 209
BoneChildrenCount: 1
210
1.000000 0.000000 -0.000000 0.000000
0.000000 1.000000 -0.000000 0.000000
-0.000000 -0.000000 1.000000 -0.000000
0.000000 0.000000 -0.000000 1.000000
-1.000000 -0.000000 -0.000000 0.000000
-0.000000 -0.997660 0.068371 0.000000
-0.000000 0.068371 0.997660 -0.000000
0.082078 0.530494 -0.033331 1.000000
BoneName: mixamorig:LeftFoot
BoneIndex: 62
BoneParentIndex: 212
BoneChildrenCount: 1
213
1.000000 0.000000 -0.000000 0.000000
0.000000 1.000000 -0.000000 0.000000
-0.000000 -0.000000 1.000000 -0.000000
0.000000 0.000000 -0.000000 1.000000
-1.000000 -0.000000 -0.000000 0.000000
0.000000 -0.631740 -0.775180 0.000000
0.000000 -0.775180 0.631740 -0.000000
0.082078 0.076408 0.050343 1.000000
BoneName: mixamorig:LeftToeBase
BoneIndex: 63
BoneParentIndex: 215
BoneChildrenCount: 1
216
1.000000 0.000000 -0.000000 0.000000
0.000000 1.000000 -0.000000 0.000000
-0.000000 -0.000000 1.000000 -0.000000
0.000000 0.000000 -0.000000 1.000000
-1.000000 -0.000000 -0.000000 0.000000
0.000000 -0.000073 -1.000000 0.000000
0.000000 -1.000000 0.000073 -0.000000
0.082078 -0.079679 0.000014 1.000000
BoneName: mixamorig:LeftToe_End
BoneIndex: 64
BoneParentIndex: 217
BoneChildrenCount: 0
1.000000 0.000000 -0.000000 0.000000
0.000000 1.000000 -0.000000 0.000000
-0.000000 -0.000000 1.000000 -0.000000
0.000000 0.000000 -0.000000 1.000000
-0.999718 -0.000000 -0.023737 0.000000
0.023737 -0.000073 -0.999718 0.000000
-0.000001 -1.000000 0.000073 -0.000000
0.082054 -0.172460 0.001962 1.000000
BoneName: RootNode
BoneIndex: 65
BoneParentIndex: -1
BoneChildrenCount: 3
66
218
219
1.000000 0.000000 -0.000000 0.000000
0.000000 1.000000 -0.000000 0.000000
-0.000000 -0.000000 1.000000 -0.000000
0.000000 0.000000 -0.000000 1.000000
1.000000 0.000000 0.000000 0.000000
0.000000 1.000000 0.000000 0.000000
0.000000 0.000000 1.000000 0.000000
0.000000 0.000000 0.000000 1.000000
BoneName: mixamorig:Hips_$AssimpFbx$_Translation
BoneIndex: 66
BoneParentIndex: 65
BoneChildrenCount: 1
67
1.000000 0.000000 -0.000000 0.000000
0.000000 1.000000 -0.000000 0.000000
-0.000000 -0.000000 1.000000 -0.000000
-0.000000 1.042749 -0.015543 1.000000
1.000000 0.000000 0.000000 0.000000
0.000000 1.000000 0.000000 0.000000
0.000000 0.000000 1.000000 0.000000
0.000000 0.000000 0.000000 1.000000
BoneName: mixamorig:Hips_$AssimpFbx$_PreRotation
BoneIndex: 67
BoneParentIndex: 66
BoneChildrenCount: 1
68
1.000000 0.000000 -0.000000 0.000000
0.000000 0.999917 -0.012917 0.000000
-0.000000 0.012917 0.999917 -0.000000
0.000000 0.000000 -0.000000 1.000000
1.000000 0.000000 0.000000 0.000000
0.000000 1.000000 0.000000 0.000000
0.000000 0.000000 1.000000 0.000000
0.000000 0.000000 0.000000 1.000000
BoneName: mixamorig:Hips_$AssimpFbx$_Rotation
BoneIndex: 68
BoneParentIndex: 67
BoneChildrenCount: 1
0
1.000000 0.000000 -0.000000 0.000000
0.000000 1.000000 -0.000000 0.000000
-0.000000 -0.000000 1.000000 -0.000000
0.000000 0.000000 -0.000000 1.000000
1.000000 0.000000 0.000000 0.000000
0.000000 1.000000 0.000000 0.000000
0.000000 0.000000 1.000000 0.000000
0.000000 0.000000 0.000000 1.000000
BoneName: mixamorig:Spine_$AssimpFbx$_Translation
BoneIndex: 69
BoneParentIndex: 0
BoneChildrenCount: 1
70
1.000000 0.000000 -0.000000 0.000000
0.000000 1.000000 -0.000000 0.000000
-0.000000 -0.000000 1.000000 -0.000000
-0.000000 0.101824 0.000000 1.000000
1.000000 0.000000 0.000000 0.000000
0.000000 1.000000 0.000000 0.000000
0.000000 0.000000 1.000000 0.000000
0.000000 0.000000 0.000000 1.000000
BoneName: mixamorig:Spine_$AssimpFbx$_PreRotation
BoneIndex: 70
BoneParentIndex: 69
BoneChildrenCount: 1
71
1.000000 -0.000000 -0.000000 0.000000
0.000000 0.987150 0.159796 0.000000
-0.000000 -0.159796 0.987150 -0.000000
0.000000 0.000000 -0.000000 1.000000
1.000000 0.000000 0.000000 0.000000
0.000000 1.000000 0.000000 0.000000
0.000000 0.000000 1.000000 0.000000
0.000000 0.000000 0.000000 1.000000
BoneName: mixamorig:Spine_$AssimpFbx$_Rotation
BoneIndex: 71
BoneParentIndex: 70
BoneChildrenCount: 1
1
1.000000 0.000000 -0.000000 0.000000
0.000000 1.000000 -0.000000 0.000000
-0.000000 -0.000000 1.000000 -0.000000
0.000000 0.000000 -0.000000 1.000000
1.000000 0.000000 0.000000 0.000000
0.000000 1.000000 0.000000 0.000000
0.000000 0.000000 1.000000 0.000000
0.000000 0.000000 0.000000 1.000000
BoneName: mixamorig:Spine2_$AssimpFbx$_Translation
BoneIndex: 72
BoneParentIndex: 2
BoneChildrenCount: 1
73
1.000000 0.000000 -0.000000 0.000000
0.000000 1.000000 -0.000000 0.000000
-0.000000 -0.000000 1.000000 -0.000000
0.000000 0.093221 -0.000000 1.000000
1.000000 0.000000 0.000000 0.000000
0.000000 1.000000 0.000000 0.000000
0.000000 0.000000 1.000000 0.000000
0.000000 0.000000 0.000000 1.000000
BoneName: mixamorig:Spine2_$AssimpFbx$_PreRotation
BoneIndex: 73
BoneParentIndex: 72
BoneChildrenCount: 1
74
1.000000 -0.000000 -0.000000 0.000000
0.000000 0.999668 -0.025769 0.000000
0.000000 0.025769 0.999668 -0.000000
0.000000 0.000000 -0.000000 1.000000
1.000000 0.000000 0.000000 0.000000
0.000000 1.000000 0.000000 0.000000
0.000000 0.000000 1.000000 0.000000
0.000000 0.000000 0.000000 1.000000
BoneName: mixamorig:Spine2_$AssimpFbx$_Rotation
BoneIndex: 74
BoneParentIndex: 73
BoneChildrenCount: 1
3
1.000000 0.000000 -0.000000 0.000000
0.000000 1.000000 -0.000000 0.000000
-0.000000 -0.000000 1.000000 -0.000000
0.000000 0.000000 -0.000000 1.000000
1.000000 0.000000 0.000000 0.000000
0.000000 1.000000 0.000000 0.000000
0.000000 0.000000 1.000000 0.000000
0.000000 0.000000 0.000000 1.000000
BoneName: mixamorig:RightShoulder_$AssimpFbx$_Translation
BoneIndex: 75
BoneParentIndex: 3
BoneChildrenCount: 1
76
1.000000 0.000000 -0.000000 0.000000
0.000000 1.000000 -0.000000 0.000000
-0.000000 -0.000000 1.000000 -0.000000
-0.045700 0.111958 0.008066 1.000000
1.000000 0.000000 0.000000 0.000000
0.000000 1.000000 0.000000 0.000000
0.000000 0.000000 1.000000 0.000000
0.000000 0.000000 0.000000 1.000000
BoneName: mixamorig:RightShoulder_$AssimpFbx$_PreRotation
BoneIndex: 76
BoneParentIndex: 75
BoneChildrenCount: 1
77
-0.205695 -0.129005 -0.970076 0.000000
-0.977364 -0.023042 0.210305 0.000000
-0.049483 0.991376 -0.121345 -0.000000
0.000000 0.000000 -0.000000 1.000000
1.000000 0.000000 0.000000 0.000000
0.000000 1.000000 0.000000 0.000000
0.000000 0.000000 1.000000 0.000000
0.000000 0.000000 0.000000 1.000000
BoneName: mixamorig:RightShoulder_$AssimpFbx$_Rotation
BoneIndex: 77
BoneParentIndex: 76
BoneChildrenCount: 1
7
1.000000 0.000000 -0.000000 0.000000
0.000000 1.000000 -0.000000 0.000000
-0.000000 -0.000000 1.000000 -0.000000
0.000000 0.000000 -0.000000 1.000000
1.000000 0.000000 0.000000 0.000000
0.000000 1.000000 0.000000 0.000000
0.000000 0.000000 1.000000 0.000000
0.000000 0.000000 0.000000 1.000000
BoneName: mixamorig:RightArm_$AssimpFbx$_Translation
BoneIndex: 78
BoneParentIndex: 7
BoneChildrenCount: 1
79
1.000000 0.000000 -0.000000 0.000000
0.000000 1.000000 -0.000000 0.000000
-0.000000 -0.000000 1.000000 -0.000000
0.000000 0.108382 0.000000 1.000000
1.000000 0.000000 0.000000 0.000000
0.000000 1.000000 0.000000 0.000000
0.000000 0.000000 1.000000 0.000000
0.000000 0.000000 0.000000 1.000000
BoneName: mixamorig:RightArm_$AssimpFbx$_PreRotation
BoneIndex: 79
BoneParentIndex: 78
BoneChildrenCount: 1
80
0.978563 -0.205948 -0.000000 0.000000
0.205695 0.977364 0.049483 0.000000
-0.010191 -0.048423 0.998775 -0.000000
0.000000 0.000000 -0.000000 1.000000
1.000000 0.000000 0.000000 0.000000
0.000000 1.000000 0.000000 0.000000
0.000000 0.000000 1.000000 0.000000
0.000000 0.000000 0.000000 1.000000
BoneName: mixamorig:RightArm_$AssimpFbx$_Rotation
BoneIndex: 80
BoneParentIndex: 79
BoneChildrenCount: 1
8
1.000000 0.000000 -0.000000 0.000000
0.000000 1.000000 -0.000000 0.000000
-0.000000 -0.000000 1.000000 -0.000000
0.000000 0.000000 -0.000000 1.000000
1.000000 0.000000 0.000000 0.000000
0.000000 1.000000 0.000000 0.000000
0.000000 0.000000 1.000000 0.000000
0.000000 0.000000 0.000000 1.000000
BoneName: mixamorig:RightHandThumb1_$AssimpFbx$_Translation
BoneIndex: 81
BoneParentIndex: 10
BoneChildrenCount: 1
82
1.000000 0.000000 -0.000000 0.000000
0.000000 1.000000 -0.000000 0.000000
-0.000000 -0.000000 1.000000 -0.000000
0.026819 0.024648 -0.015740 1.000000
1.000000 0.000000 0.000000 0.000000
0.000000 1.000000 0.000000 0.000000
0.000000 0.000000 1.000000 0.000000
0.000000 0.000000 0.000000 1.000000
BoneName: mixamorig:RightHandThumb1_$AssimpFbx$_PreRotation
BoneIndex: 82
BoneParentIndex: 81
BoneChildrenCount: 1
83
0.888247 -0.396939 0.231208 0.000000
0.459367 0.767534 -0.447072 0.000000
0.000000 0.503320 0.864100 -0.000000
0.000000 0.000000 -0.000000 1.000000
1.000000 0.000000 0.000000 0.000000
0.000000 1.000000 0.000000 0.000000
0.000000 0.000000 1.000000 0.000000
0.000000 0.000000 0.000000 1.000000
BoneName: mixamorig:RightHandThumb1_$AssimpFbx$_Rotation
BoneIndex: 83
BoneParentIndex: 82
BoneChildrenCount: 1
11
1.000000 0.000000 -0.000000 0.000000
0.000000 1.000000 -0.000000 0.000000
-0.000000 -0.000000 1.000000 -0.000000
0.000000 0.000000 -0.000000 1.000000
1.000000 0.000000 0.000000 0.000000
0.000000 1.000000 0.000000 0.000000
0.000000 0.000000 1.000000 0.000000
0.000000 0.000000 0.000000 1.000000
BoneName: mixamorig:RightHandThumb2_$AssimpFbx$_Translation
BoneIndex: 84
BoneParentIndex: 11
BoneChildrenCount: 1
85
1.000000 0.000000 -0.000000 0.000000
0.000000 1.000000 -0.000000 0.000000
-0.000000 -0.000000 1.000000 -0.000000
-0.000000 0.041890 0.000000 1.000000
1.000000 0.000000 0.000000 0.000000
0.000000 1.000000 0.000000 0.000000
0.000000 0.000000 1.000000 0.000000
0.000000 0.000000 0.000000 1.000000
BoneName: mixamorig:RightHandThumb2_$AssimpFbx$_PreRotation
BoneIndex: 85
BoneParentIndex: 84
BoneChildrenCount: 1
86
0.999824 0.018605 -0.002298 0.000000
-0.018594 0.999816 0.004653 0.000000
0.002384 -0.004610 0.999987 -0.000000
0.000000 0.000000 -0.000000 1.000000
1.000000 0.000000 0.000000 0.000000
0.000000 1.000000 0.000000 0.000000
0.000000 0.000000 1.000000 0.000000
0.000000 0.000000 0.000000 1.000000
BoneName: mixamorig:RightHandThumb2_$AssimpFbx$_Rotation
BoneIndex: 86
BoneParentIndex: 85
BoneChildrenCount: 1
12
1.000000 0.000000 -0.000000 0.000000
0.000000 1.000000 -0.000000 0.000000
-0.000000 -0.000000 1.000000 -0.000000
0.000000 0.000000 -0.000000 1.000000
1.000000 0.000000 0.000000 0.000000
0.000000 1.000000 0.000000 0.000000
0.000000 0.000000 1.000000 0.000000
0.000000 0.000000 0.000000 1.000000
BoneName: mixamorig:RightHandThumb3_$AssimpFbx$_Translation
BoneIndex: 87
BoneParentIndex: 12
BoneChildrenCount: 1
88
1.000000 0.000000 -0.000000 0.000000
0.000000 1.000000 -0.000000 0.000000
-0.000000 -0.000000 1.000000 -0.000000
-0.000000 0.034163 -0.000000 1.000000
1.000000 0.000000 0.000000 0.000000
0.000000 1.000000 0.000000 0.000000
0.000000 0.000000 1.000000 0.000000
0.000000 0.000000 0.000000 1.000000
BoneName: mixamorig:RightHandThumb3_$AssimpFbx$_PreRotation
BoneIndex: 88
BoneParentIndex: 87
BoneChildrenCount: 1
89
0.999903 0.013842 -0.001592 0.000000
-0.013836 0.999899 0.003341 0.000000
0.001639 -0.003318 0.999993 -0.000000
0.000000 0.000000 -0.000000 1.000000
1.000000 0.000000 0.000000 0.000000
0.000000 1.000000 0.000000 0.000000
0.000000 0.000000 1.000000 0.000000
0.000000 0.000000 0.000000 1.000000
BoneName: mixamorig:RightHandThumb3_$AssimpFbx$_Rotation
BoneIndex: 89
BoneParentIndex: 88
BoneChildrenCount: 1
13
1.000000 0.000000 -0.000000 0.000000
0.000000 1.000000 -0.000000 0.000000
-0.000000 -0.000000 1.000000 -0.000000
0.000000 0.000000 -0.000000 1.000000
1.000000 0.000000 0.000000 0.000000
0.000000 1.000000 0.000000 0.000000
0.000000 0.000000 1.000000 0.000000
0.000000 0.000000 0.000000 1.000000
BoneName: mixamorig:RightHandThumb4_$AssimpFbx$_Translation
BoneIndex: 90
BoneParentIndex: 13
BoneChildrenCount: 1
91
1.000000 0.000000 -0.000000 0.000000
0.000000 1.000000 -0.000000 0.000000
-0.000000 -0.000000 1.000000 -0.000000
-0.000000 0.025750 0.000000 1.000000
1.000000 0.000000 0.000000 0.000000
0.000000 1.000000 0.000000 0.000000
0.000000 0.000000 1.000000 0.000000
0.000000 0.000000 0.000000 1.000000
BoneName: mixamorig:RightHandThumb4_$AssimpFbx$_PreRotation
BoneIndex: 91
BoneParentIndex: 90
BoneChildrenCount: 1
14
0.967631 -0.098051 -0.232542 0.000000
0.095336 0.995181 -0.022911 0.000000
0.233668 0.000000 0.972317 -0.000000
0.000000 0.000000 -0.000000 1.000000
1.000000 0.000000 0.000000 0.000000
0.000000 1.000000 0.000000 0.000000
0.000000 0.000000 1.000000 0.000000
0.000000 0.000000 0.000000 1.000000
BoneName: mixamorig:RightHandIndex1_$AssimpFbx$_Translation
BoneIndex: 92
BoneParentIndex: 10
BoneChildrenCount: 1
93
1.000000 0.000000 -0.000000 0.000000
0.000000 1.000000 -0.000000 0.000000
-0.000000 -0.000000 1.000000 -0.000000
0.022598 0.091083 -0.005179 1.000000
1.000000 0.000000 0.000000 0.000000
0.000000 1.000000 0.000000 0.000000
0.000000 0.000000 1.000000 0.000000
0.000000 0.000000 0.000000 1.000000
BoneName: mixamorig:RightHandIndex1_$AssimpFbx$_PreRotation
BoneIndex: 93
BoneParentIndex: 92
BoneChildrenCount: 1
94
1.000000 -0.000329 -0.000000 0.000000
0.000329 1.000000 0.000001 0.000000
-0.000000 -0.000001 1.000000 -0.000000
0.000000 0.000000 -0.000000 1.000000
1.000000 0.000000 0.000000 0.000000
0.000000 1.000000 0.000000 0.000000
0.000000 0.000000 1.000000 0.000000
0.000000 0.000000 0.000000 1.000000
BoneName: mixamorig:RightHandIndex1_$AssimpFbx$_Rotation
BoneIndex: 94
BoneParentIndex: 93
BoneChildrenCount: 1
15
1.000000 0.000000 -0.000000 0.000000
0.000000 1.000000 -0.000000 0.000000
-0.000000 -0.000000 1.000000 -0.000000
0.000000 0.000000 -0.000000 1.000000
1.000000 0.000000 0.000000 0.000000
0.000000 1.000000 0.000000 0.000000
0.000000 0.000000 1.000000 0.000000
0.000000 0.000000 0.000000 1.000000
BoneName: mixamorig:RightHandIndex2_$AssimpFbx$_Translation
BoneIndex: 95
BoneParentIndex: 15
BoneChildrenCount: 1
96
1.000000 0.000000 -0.000000 0.000000
0.000000 1.000000 -0.000000 0.000000
-0.000000 -0.000000 1.000000 -0.000000
-0.000000 0.037000 0.000000 1.000000
1.000000 0.000000 0.000000 0.000000
0.000000 1.000000 0.000000 0.000000
0.000000 0.000000 1.000000 0.000000
0.000000 0.000000 0.000000 1.000000
BoneName: mixamorig:RightHandIndex2_$AssimpFbx$_PreRotation
BoneIndex: 96
BoneParentIndex: 95
BoneChildrenCount: 1
97
1.000000 0.000511 -0.000000 0.000000
-0.000511 1.000000 -0.000000 0.000000
-0.000000 -0.000000 1.000000 -0.000000
0.000000 0.000000 -0.000000 1.000000
1.000000 0.000000 0.000000 0.000000
0.000000 1.000000 0.000000 0.000000
0.000000 0.000000 1.000000 0.000000
0.000000 0.000000 0.000000 1.000000
BoneName: mixamorig:RightHandIndex2_$AssimpFbx$_Rotation
BoneIndex: 97
BoneParentIndex: 96
BoneChildrenCount: 1
16
1.000000 0.000000 -0.000000 0.000000
0.000000 1.000000 -0.000000 0.000000
-0.000000 -0.000000 1.000000 -0.000000
0.000000 0.000000 -0.000000 1.000000
1.000000 0.000000 0.000000 0.000000
0.000000 1.000000 0.000000 0.000000
0.000000 0.000000 1.000000 0.000000
0.000000 0.000000 0.000000 1.000000
BoneName: mixamorig:RightHandIndex3_$AssimpFbx$_Translation
BoneIndex: 98
BoneParentIndex: 16
BoneChildrenCount: 1
99
1.000000 0.000000 -0.000000 0.000000
0.000000 1.000000 -0.000000 0.000000
-0.000000 -0.000000 1.000000 -0.000000
-0.000000 0.028500 0.000000 1.000000
1.000000 0.000000 0.000000 0.000000
0.000000 1.000000 0.000000 0.000000
0.000000 0.000000 1.000000 0.000000
0.000000 0.000000 0.000000 1.000000
BoneName: mixamorig:RightHandIndex3_$AssimpFbx$_PreRotation
BoneIndex: 99
BoneParentIndex: 98
BoneChildrenCount: 1
100
1.000000 -0.000176 -0.000000 0.000000
0.000176 1.000000 -0.000000 0.000000
-0.000000 -0.000000 1.000000 -0.000000
0.000000 0.000000 -0.000000 1.000000
1.000000 0.000000 0.000000 0.000000
0.000000 1.000000 0.000000 0.000000
0.000000 0.000000 1.000000 0.000000
0.000000 0.000000 0.000000 1.000000
BoneName: mixamorig:RightHandIndex3_$AssimpFbx$_Rotation
BoneIndex: 100
BoneParentIndex: 99
BoneChildrenCount: 1
17
1.000000 0.000000 -0.000000 0.000000
